
DNA parsimony algorithm, version 3.697


One most parsimonious tree found:


        +_6_       
        |  
        |                                       +-_18_      
        |                               +------12  
        |               +--------------11       +-_17_      
        |               |               |  
        |            +-10               +-_16_      
        |            |  |  
     +--4     +------8  +------_14_      
     |  |     |      |  
     |  |     |      |   +-------_15_      
     |  |     |      +---9  
     |  |     |          +_13_      
     |  |     |  
     |  |  +--6-_10_      
  +--3  |  |  |  
  |  |  +--5  +_9_       
  |  |     |  
  |  |     +_5_       
  |  |  
  |  |  +_20_      
  |  |  |  
  |  +-13-_19_      
  |     |  
  |     |  +_11_      
  |     |  |  
  |     |  |  +_12_      
  |     +--2--7  
  |        |  +_8_       
  |        |  
  |        +_7_       
  |        |  
  |        |     +_24_      
  |        |  +-17  
  |        |  |  +_23_      
  |        +-16  
  |        |  |  +_22_      
  |        |  +-15  
  |        |     |  +_21_      
  |        |     +-14  
  |        |        +_4_       
  |        |  
  |        +_3_       
  |  
  1-_2_       
  |  
  +_1_       


requires a total of   1955.000

  between      and       length
  -------      ---       ------
     1           3       0.001535
     3           4       0.006138
     4      _6_          0.001535
     4           5       0.001535
     5           6       0.002558
     6           8       0.116624
     8          10       0.008184
    10          11       0.263427
    11          12       0.128389
    12      _18_         0.042967
    12      _17_         0.031202
    11      _16_         0.032225
    10      _14_         0.118670
     8           9       0.066496
     9      _15_         0.131458
     9      _13_         0.013299
     6      _10_         0.000512
     6      _9_          0.001535
     5      _5_          0.000000
     3          13       0.004604
    13      _20_         0.001535
    13      _19_         0.001535
    13           2       0.004092
     2      _11_         0.001023
     2           7       0.000512
     7      _12_         0.001023
     7      _8_          0.001023
     2      _7_          0.000512
     2          16       0.002046
    16          17       0.001023
    17      _24_         0.002046
    17      _23_         0.002558
    16          15       0.001023
    15      _22_         0.001535
    15          14       0.000512
    14      _21_         0.000000
    14      _4_          0.001535
     2      _3_          0.000000
     1      _2_          0.002046
     1      _1_          0.001535

steps in each site:
         0   1   2   3   4   5   6   7   8   9
     *-----------------------------------------
    0|       1   1   1   1   1   1   1   1   1
   10|   1   1   1   1   1   1   1   1   1   1
   20|   1   1   1   1   1   1   1   1   1   1
   30|   1   1   1   1   1   1   1   1   1   1
   40|   1   1   1   1   1   1   1   1   1   1
   50|   1   1   1   1   1   1   1   1   1   1
   60|   1   1   1   1   1   1   1   1   1   1
   70|   1   1   1   1   1   1   1   1   1   1
   80|   1   1   1   1   1   1   1   1   1   1
   90|   1   1   1   1   1   1   1   1   1   1
  100|   1   1   1   1   1   1   1   1   1   1
  110|   1   1   1   1   1   1   1   1   1   1
  120|   1   1   1   1   1   1   1   1   1   1
  130|   1   1   1   1   1   1   1   1   1   1
  140|   1   1   1   1   1   1   1   1   1   1
  150|   1   1   1   1   1   1   1   1   1   1
  160|   1   1   1   1   1   1   1   1   1   1
  170|   1   1   1   1   1   1   1   1   1   1
  180|   1   1   1   1   1   1   1   1   1   1
  190|   1   1   1   1   1   1   1   1   1   1
  200|   1   1   1   1   1   1   1   1   1   1
  210|   1   1   1   1   1   1   1   1   1   1
  220|   1   1   1   1   1   1   1   1   1   1
  230|   1   1   1   1   1   1   1   1   1   1
  240|   1   1   1   1   1   1   1   1   1   1
  250|   1   1   1   1   1   1   1   1   1   1
  260|   1   1   1   1   1   1   1   1   1   1
  270|   1   1   1   1   1   1   1   1   1   1
  280|   1   1   1   1   1   1   1   1   1   1
  290|   1   1   1   1   1   1   1   1   1   1
  300|   1   1   1   1   1   1   1   1   1   1
  310|   1   1   1   1   1   1   1   1   1   1
  320|   1   1   1   1   1   1   1   1   1   1
  330|   1   1   1   1   1   1   1   1   1   1
  340|   1   1   1   1   1   1   1   1   1   1
  350|   1   1   1   1   1   1   1   1   1   1
  360|   1   1   1   1   1   1   1   1   1   1
  370|   1   1   1   1   1   1   1   1   1   1
  380|   1   1   1   1   1   1   1   1   1   1
  390|   1   1   1   1   1   1   1   1   1   1
  400|   1   1   1   1   1   1   1   1   1   1
  410|   1   1   1   1   1   1   1   1   1   1
  420|   1   1   1   1   1   1   1   1   1   1
  430|   1   1   1   1   1   1   1   1   1   1
  440|   1   1   1   1   1   1   1   1   1   1
  450|   1   1   1   1   1   1   1   1   1   1
  460|   1   1   1   1   1   1   1   1   1   1
  470|   1   1   1   1   1   1   1   1   1   1
  480|   1   1   1   1   1   1   1   1   1   1
  490|   1   1   1   1   1   1   1   1   1   1
  500|   1   1   1   1   1   1   1   1   1   1
  510|   1   1   1   1   1   1   1   1   1   1
  520|   1   1   1   1   1   1   1   1   1   1
  530|   1   1   1   1   1   1   1   1   1   1
  540|   1   1   1   1   1   1   1   1   1   1
  550|   1   1   1   1   1   1   1   1   1   1
  560|   1   1   1   1   1   1   1   1   1   1
  570|   1   1   1   1   1   1   1   1   1   1
  580|   1   1   1   1   1   1   1   1   1   1
  590|   1   1   1   1   1   1   1   1   1   1
  600|   1   1   1   1   1   1   1   1   1   1
  610|   1   1   1   1   1   1   1   1   1   1
  620|   1   1   1   1   1   1   1   1   1   1
  630|   1   1   1   1   1   1   1   1   1   1
  640|   1   1   1   1   1   1   1   1   1   1
  650|   1   1   1   1   1   1   1   1   1   1
  660|   1   1   1   1   1   1   1   1   1   1
  670|   1   1   1   1   1   1   1   1   1   1
  680|   1   1   1   1   1   1   1   1   1   1
  690|   1   1   1   1   1   1   1   1   1   1
  700|   1   1   1   1   1   1   1   1   1   1
  710|   1   1   1   1   1   1   1   1   1   1
  720|   1   1   1   1   1   1   1   1   1   1
  730|   1   1   1   1   1   1   1   1   1   1
  740|   1   1   1   1   1   1   1   1   1   1
  750|   1   1   1   1   1   1   1   1   1   1
  760|   1   1   1   1   1   1   1   1   1   1
  770|   1   1   1   1   1   1   1   1   1   1
  780|   1   1   1   1   1   1   1   1   1   1
  790|   1   1   1   1   1   1   1   1   1   1
  800|   1   1   1   1   1   1   1   1   1   1
  810|   1   1   1   1   1   1   1   1   1   1
  820|   1   1   1   1   1   1   1   1   1   1
  830|   1   1   1   1   1   1   1   1   1   1
  840|   1   1   1   1   1   1   1   1   1   1
  850|   1   1   1   1   1   1   1   1   1   1
  860|   1   1   1   1   1   1   1   1   1   1
  870|   1   1   1   1   1   1   1   1   1   1
  880|   1   1   1   1   1   1   1   1   1   1
  890|   1   1   1   1   1   1   1   1   1   1
  900|   1   1   1   1   1   1   1   1   1   1
  910|   1   1   1   1   1   1   1   1   1   1
  920|   1   1   1   1   1   1   1   1   1   1
  930|   1   1   1   1   1   1   1   1   1   1
  940|   1   1   1   1   1   1   1   1   1   1
  950|   1   1   1   1   1   1   1   1   1   1
  960|   1   1   1   1   1   1   1   1   1   1
  970|   1   1   1   1   1   1   1   1   1   1
  980|   1   1   1   1   1   1   1   1   1   1
  990|   1   1   1   1   1   1   1   1   1   1
 1000|   1   1   1   1   1   1   1   1   1   1
 1010|   1   1   1   1   1   1   1   1   1   1
 1020|   1   1   1   1   1   1   1   1   1   1
 1030|   1   1   1   1   1   1   1   1   1   1
 1040|   1   1   1   1   1   1   1   1   1   1
 1050|   1   1   1   1   1   1   1   1   1   1
 1060|   1   1   1   1   1   1   1   1   1   1
 1070|   1   1   1   1   1   1   1   1   1   1
 1080|   1   1   1   1   1   1   1   1   1   1
 1090|   1   1   1   1   1   1   1   1   1   1
 1100|   1   1   1   1   1   1   1   1   1   1
 1110|   1   1   1   1   1   1   1   1   1   1
 1120|   1   1   1   1   1   1   1   1   1   1
 1130|   1   1   1   1   1   1   1   1   1   1
 1140|   1   1   1   1   1   1   1   1   1   1
 1150|   1   1   1   1   1   1   1   1   1   1
 1160|   1   1   1   1   1   1   1   1   1   1
 1170|   1   1   1   1   1   1   1   1   1   1
 1180|   1   1   1   1   1   1   1   1   1   1
 1190|   1   1   1   1   1   1   1   1   1   1
 1200|   1   1   1   1   1   1   1   1   1   1
 1210|   1   1   1   1   1   1   1   1   1   1
 1220|   1   1   1   1   1   1   1   1   1   1
 1230|   1   1   1   1   1   1   1   1   1   1
 1240|   1   1   1   1   1   1   1   1   1   1
 1250|   1   1   1   1   1   1   1   1   1   1
 1260|   1   1   1   1   1   1   1   1   1   1
 1270|   1   1   1   1   1   1   1   1   1   1
 1280|   1   1   1   1   1   1   1   1   1   1
 1290|   1   1   1   1   1   1   1   1   1   1
 1300|   1   1   1   1   1   1   1   1   1   1
 1310|   1   1   1   1   1   1   1   1   1   1
 1320|   1   1   1   1   1   1   1   1   1   1
 1330|   1   1   1   1   1   1   1   1   1   1
 1340|   1   1   1   1   1   1   1   1   1   1
 1350|   1   1   1   1   1   1   1   1   1   1
 1360|   1   1   1   1   1   1   1   1   1   1
 1370|   1   1   1   1   1   1   1   1   1   1
 1380|   1   1   1   1   1   1   1   1   1   1
 1390|   1   1   1   1   1   1   1   1   1   1
 1400|   1   1   1   1   1   1   1   1   1   1
 1410|   1   1   1   1   1   1   1   1   1   1
 1420|   1   1   1   1   1   1   1   1   1   1
 1430|   1   1   1   1   1   1   1   1   1   1
 1440|   1   1   1   1   1   1   1   1   1   1
 1450|   1   1   1   1   1   1   1   1   1   1
 1460|   1   1   1   1   1   1   1   1   1   1
 1470|   1   1   1   1   1   1   1   1   1   1
 1480|   1   1   1   1   1   1   1   1   1   1
 1490|   1   1   1   1   1   1   1   1   1   1
 1500|   1   1   1   1   1   1   1   1   1   1
 1510|   1   1   1   1   1   1   1   1   1   1
 1520|   1   1   1   1   1   1   1   1   1   1
 1530|   1   1   1   1   1   1   1   1   1   1
 1540|   1   1   1   1   1   1   1   1   1   1
 1550|   1   1   1   1   1   1   1   1   1   1
 1560|   1   1   1   1   1   1   1   1   1   1
 1570|   1   1   1   1   1   1   1   1   1   1
 1580|   1   1   1   1   1   1   1   1   1   1
 1590|   1   1   1   1   1   1   1   1   1   1
 1600|   1   1   1   1   1   1   1   1   1   1
 1610|   1   1   1   1   1   1   1   1   1   1
 1620|   1   1   1   1   1   1   1   1   1   1
 1630|   1   1   1   1   1   1   1   1   1   1
 1640|   1   1   1   1   1   1   1   1   1   1
 1650|   1   1   1   1   1   1   1   1   1   1
 1660|   1   1   1   1   1   1   1   1   1   1
 1670|   1   1   1   1   1   1   1   1   1   1
 1680|   1   1   1   1   1   1   1   1   1   1
 1690|   1   1   1   1   1   1   1   1   1   1
 1700|   1   1   1   1   1   1   1   1   1   1
 1710|   1   1   1   1   1   1   1   1   1   1
 1720|   1   1   1   1   1   1   1   1   1   1
 1730|   1   1   1   1   1   1   1   1   1   1
 1740|   1   1   1   1   1   1   1   1   1   1
 1750|   1   1   1   1   1   1   1   1   1   1
 1760|   1   1   1   1   1   1   1   1   1   1
 1770|   1   1   1   1   1   1   1   1   1   1
 1780|   1   1   1   1   1   1   1   1   1   1
 1790|   1   1   1   1   1   1   1   1   1   1
 1800|   1   1   1   1   1   1   1   1   1   1
 1810|   1   1   1   1   1   1   1   1   1   1
 1820|   1   1   1   1   1   1   1   1   1   1
 1830|   1   1   1   1   1   1   1   1   1   1
 1840|   1   1   1   1   1   1   1   1   1   1
 1850|   1   1   1   1   1   1   1   1   1   1
 1860|   1   1   1   1   1   1   1   1   1   1
 1870|   1   1   1   1   1   1   1   1   1   1
 1880|   1   1   1   1   1   1   1   1   1   1
 1890|   1   1   1   1   1   1   1   1   1   1
 1900|   1   1   1   1   1   1   1   1   1   1
 1910|   1   1   1   1   1   1   1   1   1   1
 1920|   1   1   1   1   1   1   1   1   1   1
 1930|   1   1   1   1   1   1   1   1   1   1
 1940|   1   1   1   1   1   1   1   1   1   1
 1950|   1   1   1   1   1   1                

